2.1928685 -1.4744651 
-6.401376 5.9134226 
-6.689847 7.400215 
7.748487 7.120982 
-1.6495074 8.551279 
-2.768381 0.87093997 
5.160949 6.035709 
0.552504 2.4708426 
-6.0733905 -5.907565 
3.001073 1.4348519 
-6.3969126 3.9935513 
8.173758 -5.824828 
-4.7804713 6.276354 
-4.0747647 8.5539 
-0.6273052 -0.49903718 
1.2932025 0.20827709 
-5.450065 5.1586633 
6.314552 -6.450475 
5.521199 7.821773 
-7.1099815 -3.5186975 
7.550019 4.407571 
-2.9809809 6.331588 
-1.1331292 1.2536224 
6.417947 -7.808804 
7.0107746 8.604273 
-5.570525 -3.3590584 
-0.21548787 -1.4065608 
5.288852 9.848796 
9.24766 2.0838575 
0.9449844 -1.1505774 
4.313675 -6.661693 
-5.3206162 -11.420086 
-0.59962696 0.3566196 
5.718869 6.7764235 
0.23354879 0.7555198 
-1.305029 0.40717432 
9.998589 -5.892326 
-0.07065944 1.4158239 
-1.927063 0.8797297 
-4.47465 -5.0910687 
5.16853 -4.453457 
3.2716422 -5.107302 
-6.263995 -1.2171745 
-4.5662203 -3.5483344 
-7.6809607 4.364432 
7.4777584 -7.1552095 
4.240303 -5.6392646 
2.4407399 -7.4531736 
-7.6616693 -8.252142 
-8.942965 6.0295095 
-7.601522 -5.160452 
7.6953716 -7.653954 
-1.3569726 -0.94589686 
4.941935 -7.776668 
6.0521364 -5.518663 
-1.0719948 2.5572598 
-5.474157 7.2901196 
7.972206 -7.0302234 
-1.8554882 -2.0424888 
-3.9530344 4.1457415 
-4.6903353 7.7001915 
5.6673656 3.1303458 
-5.8781123 -4.706155 
3.2110767 8.540497 
8.452518 3.597446 
3.3947492 10.552215 
3.7995126 -7.4459624 
7.0208697 -4.2904687 
1.077341 1.443511 
0.27411735 -3.1025589 
-4.544076 -7.267914 
6.2519765 6.024098 
-5.697533 -8.808037 
8.50321 -7.7928424 
-5.7319784 -7.1249604 
-7.6157107 6.7458334 
3.319891 -6.270621 
7.0975947 -5.7173915 
6.472962 7.0517616 
0.14304583 -0.28287107 
-6.3413186 8.460724 
3.4365172 6.917542 
5.184351 -6.0343833 
-4.0523148 -1.8375435 
2.5263073 5.874445 
4.584677 7.48666 
7.557292 5.661052 
6.105511 4.674843 
8.962345 -6.7544065 
5.212852 -6.942266 
2.3032458 -4.3652396 
-7.123757 -7.137964 
7.0057054 -7.194938 
8.641778 -4.599036 
-2.3526502 -0.13525985 
1.7034113 2.5900118 
-9.053543 3.4235482 
4.5338044 5.1335177 
1.4429995 -6.0966473 
-5.5884414 10.77768 
