0.08440998 0.16357896 
1.7051555 -0.49486214 
-4.422731 -5.5660715 
0.23104247 -0.6104857 
-2.1866522 6.148791 
0.6826402 0.75376993 
-3.242568 -3.812303 
-0.75931513 -0.4539256 
5.0635777 3.754065 
-0.14920965 -3.0510216 
2.9983895 -4.547631 
3.2092102 2.2212725 
-6.180788 -3.1846664 
4.543849 1.0285789 
0.8557853 2.5338714 
-6.2157226 5.978245 
4.1138015 -3.094603 
2.8619924 -3.3414423 
1.1931218 5.1604214 
1.0305958 0.19667606 
-2.0054412 -0.42182234 
-1.5532211 -1.5255963 
-5.461118 0.53820074 
0.20248356 4.3878107 
-5.5371737 -2.057413 
-2.1997118 1.9765639 
-3.6850464 -2.7530916 
-0.2673486 1.3158233 
-6.170728 4.326536 
2.0839405 -5.276003 
-2.9399955 1.0797251 
-1.559485 2.3204782 
-1.0897713 1.6248095 
-3.9432337 -2.0006511 
0.10796641 3.2412994 
-6.5612535 -4.4092565 
-4.5607567 3.1769938 
1.0246253 -4.0428457 
0.13548529 1.9445289 
3.5113122 1.1960293 
-1.734297 7.521962 
0.7558073 1.6395097 
-0.67991465 -6.13271 
2.8037622 4.0351214 
-2.412169 2.7243228 
1.5099137 -2.69023 
5.3771935 0.16347837 
-3.44872 -0.23384203 
6.0405445 1.4847367 
-1.3095466 -2.7044115 
-2.36137 -3.1090612 
0.31151372 -1.9541501 
1.8382949 4.439861 
-1.4524182 1.1034292 
7.075893 7.5749435 
6.465119 3.9595602 
-5.2249513 2.0598395 
1.9108938 3.8637943 
4.181368 2.4801376 
-3.7301555 5.9463663 
1.388849 -1.4002961 
1.4974957 1.722474 
5.189026 6.1913266 
-3.622251 4.3430724 
2.613207 -1.4705331 
-2.9066925 -7.4821196 
5.279071 2.7872617 
1.3939791 0.82744634 
-0.6490519 2.827347 
3.3077264 5.155008 
3.6103382 4.3448014 
4.4556336 -5.257123 
-4.7337327 4.6099195 
2.4765742 0.31589538 
2.763685 3.135542 
-0.5628663 -1.4554187 
3.1760998 6.1881886 
-0.37413734 2.2007759 
2.0325308 6.5239787 
3.1520095 -0.34742776 
-8.401525 1.4459939 
-4.606095 -3.9380488 
-2.8894017 -1.5394061 
-1.4793257 -4.2649817 
-0.7062168 0.3580492 
-2.26146 3.9353173 
0.8526841 3.6661248 
2.98573 -2.471738 
2.3670285 1.725103 
-1.5201396 3.401224 
2.8710868 -7.350284 
-0.77835804 5.337459 
4.007287 0.036153447 
-3.693724 1.9800028 
4.63666 5.075151 
-1.8088706 5.1979356 
-0.83049625 3.9263585 
1.635382 2.944327 
3.9684865 -1.5306821 
2.5552292 4.9938655 
