11.395234 0.80199057 
15.283848 15.122758 
-14.0015335 9.951491 
17.053823 -14.8343525 
-19.206459 -16.235146 
-13.576878 17.87386 
21.52222 3.8279643 
0.15330824 0.04080414 
1.4239768 -0.6303754 
-12.569956 2.3271494 
7.5470924 -15.138378 
-10.839807 2.1102474 
14.736717 14.9756155 
17.477068 5.8897934 
15.074167 15.0763 
-18.219172 -19.844254 
14.54888 -12.115301 
-14.654498 8.277427 
8.435366 -3.292284 
-18.140768 -12.950486 
12.297064 -5.104864 
15.131781 14.810771 
-1.461251 0.9099788 
-22.519613 9.647753 
-13.933552 4.383167 
19.590788 -14.099146 
-9.016903 -15.9154825 
-18.333338 14.34198 
16.40674 2.295074 
15.029243 14.949297 
-7.500317 -8.516552 
-22.682928 -12.99091 
15.129924 -15.189295 
-17.176998 2.4073784 
-14.178713 -8.695261 
-20.506947 3.9384623 
-3.3930283 -0.5890889 
-3.7140627 -15.274907 
-14.701717 -15.754516 
14.791737 14.811163 
15.308243 14.683111 
-15.356878 17.500433 
14.760166 15.281259 
22.925232 8.493599 
14.9053955 15.156138 
-15.129474 23.175877 
-15.780147 -11.685008 
-17.044172 -0.8572423 
27.03651 -14.780146 
-12.880452 -3.973804 
15.085732 15.255676 
-15.9737835 -3.868191 
6.1789937 -11.556309 
-1.1287391 -0.44884396 
9.03665 -14.604447 
-22.261372 -20.840544 
-14.353414 19.694324 
14.536175 14.956697 
-31.772892 -10.808343 
14.936919 14.793492 
-5.804935 -6.3947387 
-10.629105 -1.2394965 
-9.643893 -22.152338 
14.71069 14.641358 
-16.43124 6.022409 
-17.452116 -9.269131 
13.093472 -1.9895232 
14.900852 15.01018 
4.322252 -14.969079 
0.15547305 1.2849094 
-16.236456 -26.377895 
-13.085505 -13.255564 
-14.333856 12.470083 
-9.905593 -11.390878 
-14.560967 0.7009079 
19.377195 -15.638925 
-14.789318 14.967739 
-10.352154 1.0471712 
-16.43386 20.481419 
10.996208 -14.861414 
-20.662285 6.536538 
13.044934 -13.999595 
-11.982197 -2.2168915 
-13.936834 -1.1257434 
1.3827475 1.136317 
22.958458 -16.085638 
-12.643354 0.31443673 
8.376971 -8.015759 
-8.422317 -1.4406682 
21.7306 -14.525405 
-15.752224 13.098182 
10.091103 -16.871431 
-0.24392729 -1.4569257 
-14.717967 -18.931103 
-21.680801 -9.784732 
-10.034653 -5.926069 
13.978343 1.6111069 
17.323338 -1.43663 
-16.092587 11.0785675 
13.275794 -15.636795 
