#x y
-0.878755 0.486313
-0.221894 -0.109937
-1.005302 -1.402324
-0.141265 1.894775
-1.061511 -1.284591
-0.050012 0.873012
1.930924 0.858987
-1.054672 -0.307783
-0.608595 -0.654240
-0.230374 -2.316965
-3.139799 0.328178
-0.620370 -0.063001
-0.053362 0.526309
-0.024187 1.141621
0.985362 0.028153
-0.716020 -2.087680
-0.710607 -1.870179
-2.678703 1.272853
-0.307124 -0.788622
-0.268770 -0.102693
0.304563 -0.096073
1.027410 2.023450
0.575676 1.230829
-0.969970 -0.831528
-0.052362 -0.096643
-0.201733 0.209381
0.597801 1.196049
1.067912 1.124784
-1.069313 -0.303080
1.057180 -0.826183
1.584542 -1.131641
-0.197003 -0.210021
0.572672 -1.380198
-0.095122 -1.134521
-0.058047 0.413858
0.188708 -2.070744
1.401890 -0.942519
0.212887 -0.517122
-0.133872 -0.600361
-0.058480 -0.796425
0.088445 0.245450
-0.109784 1.095134
-1.950399 0.493299
-0.923511 -0.272541
-1.001949 -1.361580
0.505954 1.149845
0.704485 -0.506157
0.221512 0.782259
-0.650640 -0.012187
1.302393 1.310601
-0.062413 -0.351350
1.609994 -0.224950
1.052191 -0.454868
-0.158316 -1.186743
-0.097692 0.141992
1.014581 0.031101
0.304419 0.501930
-1.262039 -0.237460
0.901017 -0.188932
1.081320 0.964095
2.007805 1.009965
-0.175099 -0.454153
-1.725894 1.982963
-0.562442 -0.428371
-0.392877 -0.932155
-1.165509 0.694973
-2.273155 -0.616251
0.435883 0.671489
0.838752 -0.128249
1.203711 0.935974
0.583971 0.712531
0.166182 1.896431
-0.510885 -0.064104
0.592260 -0.289659
-1.057461 -0.172163
-3.414993 0.119773
-0.870061 -0.344823
1.449404 1.310333
0.362727 -0.511137
0.548814 0.499327
1.730319 1.781315
-1.852544 1.444416
1.002358 -0.901876
0.200915 0.477241
-0.196724 -3.115970
1.254282 0.890337
0.150932 -1.821995
0.007191 0.193118
-0.159070 1.031072
0.232214 -1.050177
-0.895291 -0.718795
0.744279 -0.558937
0.125699 2.017173
0.139687 0.311253
0.223111 1.746847
-0.989982 0.812169
-0.940354 0.056997
-1.985021 -0.774430
-0.064253 0.106311
-1.607288 -0.771132
1.190607 2.125007
0.040970 -1.458996
0.498101 0.617047
-0.168274 -1.224715
1.286890 -0.609744
0.284619 0.941038
0.289572 0.321759
-0.496390 1.240306
-1.938815 -0.409463
0.190359 -0.576954
-0.358315 1.667220
0.333617 -0.370431
0.344593 -0.466329
-1.234251 -0.494142
0.130507 1.044436
-1.446132 -1.043210
-0.908227 -0.561068
1.496058 -0.101801
0.216077 0.668910
-0.461984 -0.841291
-0.960791 0.035194
0.034252 -0.130018
2.826097 -0.361222
0.137939 0.237835
0.223318 0.267372
1.522885 -0.292026
1.102317 0.187949
1.060064 0.619909
0.067898 0.734418
0.750198 2.453570
0.829306 -0.330971
-1.237153 -0.722038
0.747166 0.269805
-2.838463 -1.174263
-0.097820 0.489909
-1.106221 0.989268
-0.117725 -0.259039
-0.000972 1.567410
0.486665 0.183562
-1.543198 0.503026
1.582474 0.730862
1.473943 0.545081
-0.985893 0.540335
-17.332144 11.437260
-14.083281 14.912561
-14.615992 12.258477
-15.682124 15.754568
-15.778051 14.998411
-15.528716 9.412848
-13.016403 17.422066
-14.312091 20.369511
-15.373321 12.448444
-13.683563 14.345002
-14.653688 11.472263
-12.761325 5.007430
-13.305105 11.288918
-14.750910 14.740490
-14.013098 18.740246
-15.220415 14.954546
-15.543124 13.154084
-13.981894 7.753527
-15.675400 13.187271
-14.462928 13.128193
-14.364752 8.079792
-16.803684 24.231388
-15.279854 10.542768
-13.807362 12.426722
-13.903778 22.368448
-14.167824 13.758736
-13.518841 19.143568
-14.831961 14.917550
-15.509652 11.568766
-13.631021 13.455528
-15.718716 10.658056
-15.230033 18.086842
-15.943558 11.487441
-13.468128 19.263525
-13.848236 18.412224
-15.131110 15.373602
-14.248320 9.654708
-14.798791 4.009772
-14.902075 18.521694
-13.573474 12.135744
-14.194954 10.151953
-14.193921 12.592537
-14.559973 13.381944
-14.144298 14.370537
-15.367600 17.339584
-13.767699 9.580605
-15.996389 11.599011
-15.401714 13.426944
-14.969189 23.655361
-15.410967 16.418690
-14.270511 25.117874
-13.663658 8.443695
-16.369238 15.219476
-15.893728 23.227390
-15.396254 22.483013
-16.716122 10.436057
-14.713467 13.022347
-15.738177 11.611588
-15.470441 17.795956
-15.346075 5.854145
-14.676575 18.294893
-15.127421 4.438013
-14.068205 6.991838
-16.465050 12.827194
-15.043871 22.056429
-15.452167 8.886227
-14.745430 14.387590
-16.607712 20.303440
-18.058620 13.079586
-13.688323 15.432311
-14.063129 15.825131
-14.386134 15.052190
-16.616444 9.989031
-14.210361 15.311908
-15.401630 8.109255
-16.667850 21.437256
-16.095411 6.777419
-15.580136 18.222216
-16.664524 11.971951
-13.049982 9.005942
-14.558088 19.919476
-14.567102 10.148307
-15.473417 8.563859
-14.772441 14.328628
-17.415485 15.300706
-15.480021 10.649675
-14.556455 17.105921
-14.662818 25.120392
-16.049311 19.728165
-15.377313 2.860980
-15.148088 19.360140
-14.006069 14.242926
-13.682047 19.179169
-14.887677 13.969918
-15.727789 15.955776
-15.623917 16.909714
-14.229037 14.612485
-16.800161 16.985670
-15.099950 12.205333
-14.753303 8.023877
-15.119364 22.267778
-13.817563 8.546781
-15.689176 12.411671
-14.387385 11.531122
-14.715425 16.289160
-14.012145 17.643616
-14.859587 20.694048
-12.988720 19.647192
-13.896907 18.013365
-14.354417 20.069645
-13.898370 12.839228
-14.721746 9.987234
-17.287889 5.804811
-14.686184 11.505226
-14.994631 14.310065
-17.452364 6.667400
-14.373051 11.887499
-15.824598 13.193821
-14.983191 20.704224
-17.029322 15.986756
-14.681855 19.024220
-15.141479 17.029598
-15.312797 21.763428
-15.388663 17.045218
-15.114225 16.802809
-15.353669 14.928165
-12.793878 18.903502
-14.490954 19.918550
-14.110061 5.082654
-15.918806 13.971253
-15.420434 14.341945
-14.728357 13.799726
-16.396177 6.150421
-15.489205 18.764553
-13.950988 15.687574
-13.474991 18.077995
-13.599625 17.648312
-13.980748 18.028038
-15.461688 16.027073
-15.027484 6.293171
-13.191263 16.228279
-15.013853 18.836571
-14.819648 14.888847
-19.558393 -14.933549
-17.619797 -14.037786
-19.909439 -18.605572
-24.032776 -18.340849
-17.189201 -19.591333
-8.325171 -22.048864
-7.579777 -16.080509
-20.245939 -21.449062
-16.239807 -12.920966
-14.399399 -18.206364
-14.110761 -12.877317
-17.476740 -19.417385
-18.367989 -2.004927
-14.907224 -11.428682
-13.649691 -20.072102
-22.659283 -11.906061
-8.124212 -18.097315
-15.287339 -15.695135
-4.139730 -17.050316
-12.865036 -12.693968
-10.689615 -21.966038
-20.854275 -12.492441
-10.544324 -11.478910
-18.552502 -12.290510
-19.182266 -11.957751
-14.661386 -18.604822
-13.108614 -12.263613
-12.701799 -15.685956
-12.416019 -22.985058
-13.610622 -12.779240
-12.671449 -10.197363
-16.239645 -22.209152
-19.788162 -17.231691
-13.052183 -3.580924
-14.700370 -8.471114
-16.613695 -15.234674
-17.502077 -9.334265
-7.968976 -14.703281
-8.558599 -26.191540
-14.927801 -8.856571
-8.817337 -17.139305
-12.897692 -13.813273
-15.076992 -9.940884
-9.903465 -12.860646
-12.086042 -14.853410
-21.493761 -9.301552
-25.861410 -22.603926
-15.513442 -18.286575
-16.100107 -24.894411
-23.110754 -13.729807
-17.283476 -14.326092
-13.525280 -17.361168
-12.470188 -16.760670
-14.807905 -14.660496
-9.490688 -15.184191
-17.914587 -16.436245
-1.678787 -15.413284
-19.957106 -15.685849
-10.466063 -11.331238
-31.858150 -10.785462
-18.441137 -11.710655
-12.863094 -14.341757
-21.355150 -19.952724
-20.829685 -21.183161
-19.399057 -14.818301
-13.552652 -15.039527
-18.144573 -13.076139
-18.138111 -19.419987
-14.339872 -26.778065
-15.526084 -16.266012
-19.206825 -21.816357
-14.620370 -20.452908
-19.618826 -16.361595
-12.934725 -16.830347
-14.606458 -9.051178
-15.293223 -11.906954
-22.355972 -10.288153
-15.783305 -15.359145
-19.399151 -19.932343
-12.599282 -13.095819
-19.522663 -25.209789
-16.134060 -18.393492
-15.235690 -7.326548
-18.012112 -19.815933
-14.765895 -15.483953
-13.967274 -8.789364
-14.525389 -16.752478
-19.843750 -11.774820
-21.194435 -16.854973
-17.792294 -17.060295
-13.154724 -26.344019
-9.844833 -14.564213
-16.120920 -26.486761
-19.461460 -19.297207
-5.396729 -9.993313
-15.283793 -18.600405
-4.204699 -12.789296
-15.020694 -19.374704
-22.240211 -22.287039
-20.067795 -8.353392
-13.225652 -14.769862
-23.652275 -12.987586
-10.743889 -20.118725
-13.314039 -12.925323
-17.147877 -13.748524
-9.816861 -17.719261
-22.772263 -11.121761
-16.533337 -9.313180
-16.645584 -15.345205
-18.626713 -5.004423
-19.115747 -17.587469
-15.755444 -10.811119
-7.323237 -19.888912
-14.197841 -14.677010
-14.223008 -16.706516
-13.753949 -17.784761
-15.268085 -11.718480
-8.519402 -9.281039
-23.625748 -13.549755
-21.602629 -19.884075
-9.868748 -14.193653
-14.063108 -15.544453
-17.216246 -13.576723
-16.796738 -11.592009
-17.080496 -18.498375
-17.953556 -14.964000
-8.171503 -12.546899
-13.611927 -19.803783
-19.498966 -16.132116
-13.071952 -9.668280
-16.287468 -15.878653
-15.486476 -18.509785
-14.398121 -17.959120
-10.297050 -11.416994
-13.377705 -11.370300
-4.741407 -15.963675
-18.001511 -28.206650
-16.063232 -11.569931
-18.287685 -9.166887
-15.606348 -21.109365
-19.014774 -16.493958
-15.051203 -5.121140
-22.078037 -13.111147
17.859436 -14.962481
15.163014 -15.683816
10.777939 -15.150509
19.324562 -15.451773
14.441773 -14.615749
19.427097 -15.822510
8.449048 -14.885705
21.981575 -16.133213
2.481167 -13.644617
16.968914 -13.550001
12.465081 -15.665576
11.184370 -15.232718
22.866055 -15.461441
13.012179 -13.455348
22.112545 -13.150183
23.142073 -14.763736
18.961618 -16.570683
19.389217 -13.915785
22.648024 -18.221321
16.150042 -15.217874
22.805048 -16.551987
12.311874 -14.039348
21.527626 -15.454539
21.940216 -16.587454
20.135757 -14.655606
17.684139 -15.271147
13.921689 -15.337254
4.849205 -14.674279
24.159939 -16.621323
8.894135 -14.213136
8.038045 -15.524358
15.563053 -15.924027
13.206129 -15.883924
14.007460 -14.282574
13.473640 -14.027037
13.725409 -16.563934
25.946640 -15.368450
10.234394 -16.432819
14.831750 -15.561269
20.931862 -14.523196
16.284496 -16.521582
9.144682 -15.027707
21.839010 -14.974670
21.502357 -14.848634
13.158678 -13.932578
12.781356 -14.891711
25.986458 -14.717267
10.357525 -14.941484
19.481104 -13.638069
11.393009 -13.645395
4.777361 -14.969474
27.698917 -14.981337
10.692460 -14.420851
15.312251 -12.719032
13.743681 -12.494488
22.039091 -16.084776
17.637623 -14.782227
19.561028 -14.947780
18.949360 -15.294343
11.526403 -15.300136
14.023753 -14.927745
16.742090 -15.246483
18.738647 -15.989540
27.526833 -14.725976
9.849178 -13.721243
16.724524 -14.114100
23.463970 -16.186167
14.017316 -15.304779
15.071420 -14.534513
6.698590 -14.547061
7.536242 -15.394165
17.443316 -15.740360
14.155617 -16.477739
19.220758 -15.509561
9.059543 -14.374574
10.828153 -15.271049
11.281155 -15.626550
23.321442 -15.132452
13.871775 -14.976265
19.949978 -16.140272
22.796001 -13.209070
17.636778 -14.540301
5.805341 -15.351318
15.826882 -15.339141
12.793899 -15.529958
8.242507 -15.278162
14.649662 -15.225615
14.948924 -14.033070
17.971369 -14.963349
12.236428 -15.201200
28.948425 -13.806799
23.351538 -17.788954
15.345904 -14.600637
15.420947 -14.622349
26.682293 -16.129004
13.780808 -15.697268
13.160642 -14.834188
19.948677 -15.401199
23.633429 -14.726955
21.564327 -16.086317
10.918985 -15.898734
3.505593 -14.898672
14.790368 -14.561071
20.279053 -14.815342
21.925724 -15.124376
7.759133 -15.393576
16.525129 -14.480881
19.103586 -14.047585
14.837197 -14.885867
19.801826 -14.657496
7.595885 -15.255837
4.390010 -16.013525
19.756374 -15.574163
10.532669 -14.162226
23.985262 -15.248582
20.906792 -15.345113
12.256727 -16.757793
27.023827 -13.924736
13.686825 -15.854464
16.471918 -14.379341
15.528587 -16.397820
6.693209 -14.275880
7.847738 -15.477901
12.868564 -14.930237
10.735695 -14.626538
10.934912 -14.601192
16.544340 -13.740546
13.298239 -15.810648
18.852947 -15.332807
17.006411 -16.092169
19.467262 -13.021580
12.069755 -13.726029
16.846760 -15.220377
13.172122 -16.455627
26.367870 -14.708616
11.654375 -14.483452
19.175789 -14.134624
9.954721 -17.293140
14.477425 -15.533746
13.302877 -14.452806
19.643587 -15.717563
22.006714 -14.005810
8.770267 -15.367521
14.787399 14.918902
15.097076 15.259181
15.143823 14.852454
14.746461 14.998913
15.197551 14.892127
14.683471 14.805434
14.840313 15.069084
14.925810 15.075503
14.978301 15.156632
15.318964 14.996838
15.097573 14.689365
15.336680 15.216281
14.476497 14.882340
15.045374 15.078822
14.997864 15.038427
14.754398 14.989489
15.018284 15.048019
14.954784 15.109351
15.109510 15.256281
14.887951 14.772432
14.574707 15.287210
14.537724 15.144445
14.786262 14.956830
14.916463 14.786901
14.878710 15.030723
14.976659 14.751224
15.075145 15.026079
14.942187 14.838193
15.067844 14.863968
15.053161 15.124057
14.913330 14.932421
15.462208 15.325890
14.997917 15.310881
15.003441 15.213861
14.858224 14.846683
15.109119 15.208075
15.040238 14.842385
15.061903 14.811884
14.785881 14.967903
14.703951 15.114345
15.124566 15.139675
14.939567 14.930044
15.016610 14.878906
15.117415 15.242841
15.001928 14.699974
15.268404 14.924116
15.147999 14.746809
14.682647 15.237491
15.267642 15.095297
15.132118 15.090208
15.128927 15.107200
14.741462 14.861625
14.909905 15.040523
15.013037 14.966401
14.761337 14.830604
15.254494 14.859223
15.028428 15.036850
15.138965 15.459194
15.010037 15.141641
15.018716 15.116851
15.360543 14.702417
14.997299 15.001492
15.139241 14.664491
14.919374 14.781152
14.945154 14.756969
15.111914 14.864118
14.820088 14.758149
14.741334 15.314404
15.139541 15.059481
14.897331 14.989779
15.051970 14.951061
15.140883 14.997624
15.131864 15.285692
15.277611 14.711172
15.061053 15.086301
14.829171 14.829817
14.687275 14.901999
15.213752 14.627162
14.823315 14.879245
14.837357 14.738963
14.894061 15.264069
14.841892 15.167180
14.936387 14.991797
14.861175 15.043591
15.012857 14.972589
14.753919 14.768364
15.008194 14.865698
15.062906 15.089014
14.981683 15.240169
15.042665 14.999813
14.818636 15.407045
14.888553 14.843123
14.779052 14.618168
15.131516 15.069279
15.268948 14.599726
15.079135 14.961948
15.209630 15.166793
14.711887 14.914210
15.005608 15.074474
14.640232 14.979249
14.939979 14.873971
15.161337 14.801600
14.878770 15.118219
14.586135 14.806383
15.196815 15.092836
14.539547 14.993759
14.749098 14.610859
14.891510 15.135119
14.770097 15.210585
15.132493 14.826072
15.102203 14.864708
14.730588 14.948017
15.203768 15.231939
14.887527 15.297276
14.890236 15.114921
15.367740 14.613776
15.131577 15.172596
14.702468 15.155078
14.792035 15.134074
15.110285 15.015048
15.348783 14.682641
14.920561 15.439064
15.058638 14.929081
15.253972 15.224265
15.056383 15.201650
14.974261 15.182034
15.042954 14.757496
15.001060 14.960171
15.200867 15.033036
14.964209 15.173946
14.590745 14.645312
14.931840 15.141462
15.028901 15.268174
15.150904 14.757987
15.313547 14.830723
14.881616 14.806475
14.697334 15.192010
15.339665 14.988386
14.793280 15.034226
15.077974 15.117136
14.878695 15.176276
15.000515 14.792704
14.730002 14.686152
15.724293 4.552159
18.269325 7.459072
23.492771 8.237541
23.721443 8.677402
16.793928 0.709783
6.507028 -10.919724
16.094341 1.067846
13.773093 -1.631104
20.845009 2.220220
16.733509 6.816814
18.099165 2.359065
15.588628 -1.739944
15.085027 -2.154839
16.200079 -2.055533
17.462385 -0.752756
20.835594 7.206371
9.781429 -9.407856
13.816561 1.461527
8.254276 -3.708247
17.084412 3.141537
7.007765 -8.133947
9.667471 -4.407465
12.943199 0.678066
15.274743 1.889620
12.674794 -2.988419
17.238365 5.909782
13.653046 0.496671
18.742907 -2.315612
8.142884 -1.655681
21.625874 2.191667
12.729387 -2.742837
13.571186 3.372208
11.696444 2.921752
8.791664 -8.951943
24.018782 6.458507
9.741111 -8.134844
13.837381 -4.842578
11.350169 -3.976434
19.827789 0.295046
13.446371 4.919829
27.545528 13.357782
13.727695 -3.478252
16.841522 1.664759
17.274357 -1.956131
14.667401 -1.584865
19.774143 8.842625
15.764668 3.638242
14.020100 -4.053270
14.822987 -0.274693
15.513430 1.758689
12.064960 -3.540752
10.175694 -5.108018
10.942782 1.689075
23.311527 8.436038
17.954767 4.729941
13.450693 -1.639247
17.836267 4.422170
15.001747 2.707191
15.883121 -1.555693
10.717564 -0.052234
19.398634 3.244506
14.708403 -2.579494
11.722380 -1.488485
12.671959 -4.795522
23.147758 3.012319
13.396587 2.320885
21.103949 0.773215
14.618679 -11.195583
5.864156 -12.165571
3.740273 -3.774512
15.126551 -6.279789
22.400244 5.199836
14.081993 -0.583032
9.407969 -9.048578
14.196017 -2.276636
18.516098 -0.903543
18.852524 5.188921
24.934637 9.015383
18.243675 0.053826
11.990982 0.283581
11.862353 -6.070622
17.222075 2.661944
14.370905 0.644535
16.455360 0.989508
12.963287 -4.621057
7.330715 -1.730894
18.423525 -3.015141
16.390049 7.899292
24.369213 9.757120
10.351652 -5.319581
15.055853 -2.891111
15.941884 2.549141
21.565123 7.276093
18.729769 7.727466
8.736548 -3.031962
16.453693 1.568707
14.653815 1.967507
12.295144 -2.793540
11.653049 0.411878
6.755562 -8.409075
17.713972 1.567534
7.144166 -3.460418
11.769367 -1.992401
17.339333 6.780788
19.309664 4.772138
8.194412 -1.769111
17.277187 -2.617794
22.089390 4.051080
12.455193 -1.266463
11.987407 -1.023393
8.928225 -4.894788
22.278452 4.510505
9.405215 -4.645971
18.389278 3.844482
21.526871 4.715473
13.087149 1.866587
11.336830 -0.070634
12.949682 -2.535945
15.067893 1.114291
8.412578 -6.117170
22.348900 6.458179
13.236073 -6.762770
17.094572 3.321338
11.594331 -1.780669
15.928484 -1.071748
13.032009 -0.373100
15.350946 4.007504
14.503395 2.103822
14.783242 -2.292994
15.616776 6.267036
11.556385 -2.397790
11.173100 -1.280419
16.302456 6.182136
13.827976 0.538035
10.581819 -4.979992
12.515665 -1.362558
7.444894 -6.559731
20.950672 4.654663
20.193113 8.527555
16.038641 -1.033120
22.064070 3.975991
20.708345 5.706797
14.828804 -3.415153
-13.688772 3.909302
-15.462613 -2.598390
-14.309698 0.604426
-18.234497 -0.583102
-11.990869 -2.014605
-18.283468 2.367109
-9.694753 -5.697186
-14.780599 0.683666
-20.551712 3.898421
-18.240812 3.739031
-7.385329 -8.646196
-12.361317 1.638195
-18.609840 2.800616
-13.960125 -1.449814
-8.352726 -3.513083
-16.625401 -1.667583
-15.450571 -0.185331
-9.414428 -6.531984
-11.715209 -5.986128
-12.201032 -1.760245
-15.641337 -5.217560
-21.558807 10.139709
-23.925894 8.785118
-18.753490 4.848420
-12.473536 -5.256916
-20.952147 4.074079
-8.001182 -7.913900
-13.519672 -1.219662
-15.619370 -4.215169
-15.408089 -2.572669
-19.595150 7.216373
-19.636511 3.840567
-8.868386 0.020785
-17.425920 4.161090
-21.056568 2.381122
-21.441391 6.815051
-11.536860 -6.355536
-12.994839 2.722377
-10.452835 0.692714
-13.769469 -1.170709
-10.139890 -2.043627
-17.862583 -2.409055
-15.492945 -0.264471
-13.402676 -0.606575
-14.115481 0.726829
-16.397230 2.416299
-11.355208 -3.773962
-5.110070 -1.434807
-11.781806 2.477730
-7.485531 -0.935290
-12.324613 -3.707186
-17.711121 2.052016
-14.811279 0.049486
-16.266356 1.432337
-10.318130 -1.805272
-4.236088 -7.790530
-20.406464 6.736494
-8.009581 -7.046464
-16.496161 0.251206
-20.332151 6.648870
-16.717289 0.834944
-9.316746 -6.181284
-16.247852 -2.766593
-12.881553 -4.315897
-19.544519 2.639364
-12.827099 0.371603
-21.101892 9.205482
-18.201626 0.387010
-12.113338 -2.423745
-16.447578 2.280643
-10.531737 -1.109277
-15.666980 1.131267
-22.946613 9.417159
-14.380166 -5.311308
-20.030802 7.178337
-15.076305 -7.523703
-11.912803 -3.603515
-16.353941 6.221099
-9.944088 -6.846024
-11.401323 1.823230
-21.340242 6.074967
-16.021523 4.209777
-8.186253 -4.120484
-22.022381 8.500685
-13.764729 0.880697
-11.527058 -4.103365
-19.802399 4.738365
-10.742582 -7.165171
-16.703825 -1.714025
-12.468175 0.260481
-15.644232 -1.473463
-14.098656 0.321525
-14.150379 -4.159602
-6.405797 -6.737207
-21.311483 5.349536
-14.638587 2.154922
-14.862309 -2.011936
-11.085939 -1.065229
-5.310084 -5.080150
-11.291787 -5.678912
-13.170732 3.953372
-15.693302 -1.058607
-23.670036 9.703783
-10.113252 -9.034131
-10.216503 -0.850657
-22.278419 5.893485
-13.201701 -0.671185
-17.032516 1.737320
-11.352922 -0.752998
-18.812336 2.061506
-11.647137 -2.617725
-17.699516 6.429672
-20.976467 4.669713
-21.630405 11.107513
-14.117112 -1.230176
-17.755713 0.044168
-20.672880 12.996320
-19.102783 7.163326
-13.159837 -2.982121
-13.724407 0.996345
-13.618579 -3.841274
-12.678989 -7.737353
-15.441273 0.223621
-22.785130 3.824340
-17.941315 1.671228
-13.119428 2.427575
-20.460613 4.385629
-17.546711 2.907093
-7.113050 -6.107267
-13.173297 -3.466473
-15.828070 3.224735
-8.936158 -6.623021
-14.521497 -0.747720
-23.167341 10.071360
-10.255547 1.387286
-10.300798 2.384165
-16.593220 2.510530
-15.768583 -1.289119
-8.972010 -1.439961
-17.843235 0.551403
-9.824211 -4.338468
-13.503873 1.238530
