#x y
-6.315382 6.344938
-4.943573 7.821684
-8.920876 2.705258
-5.661533 7.425065
-5.918269 5.697313
-8.798838 5.880333
-5.997931 5.024181
-5.503245 5.874574
-8.549990 6.287645
-7.370734 6.887870
-2.181127 6.817798
-3.660453 4.829116
-6.691725 6.914744
-7.860303 7.777256
-6.901111 4.446428
-5.334408 7.285602
-6.976536 5.311501
-4.680027 5.937413
-8.277557 4.556250
-4.224723 6.003554
-6.009754 8.607213
-4.673341 8.800538
-5.466431 6.954273
-6.318552 2.670723
-7.208416 7.467041
-7.541461 6.425088
-9.738294 1.755108
-5.807407 5.902267
-6.261086 6.558911
-5.983332 3.508530
-8.782872 3.911942
-6.857138 5.701782
-5.730334 6.400136
-4.666339 5.801900
-2.158979 7.015841
-6.782699 5.572770
-8.479200 2.792186
-6.119541 5.441103
-6.563529 7.205039
-7.880192 7.441731
-2.265339 7.721363
-6.387065 4.492263
-7.892641 3.872439
-7.219776 6.677509
-0.124684 8.106004
-8.219629 5.635964
-6.319204 7.677358
-6.423454 5.022350
-8.131325 3.100940
-6.272756 8.777225
-5.348884 7.299212
-5.653099 5.591675
-3.473817 5.985173
-5.407775 4.452890
-5.602911 10.411899
-6.729068 8.072970
-4.587155 6.908664
-3.579161 3.206127
-7.116579 6.273481
-3.145373 5.955198
-5.920383 2.550895
-5.499880 6.588067
-7.740374 5.940656
-6.719847 5.792608
-7.103251 5.700236
-7.719185 5.289653
-6.657921 3.384456
-3.215568 4.064538
-7.711727 3.242233
-4.275267 5.778782
-8.151742 3.442773
-3.928538 8.602920
-7.452667 7.347806
-5.048048 5.124664
-5.704255 7.713771
-3.460502 6.663283
-5.029537 7.343009
-6.550022 4.546778
-8.318416 6.820782
-7.608255 5.040615
-5.574565 11.128433
-5.626943 4.919588
-6.887470 7.796447
-7.827164 7.223059
-9.518745 3.203921
-5.393186 5.267523
-4.490514 4.011763
-4.823802 7.520694
-7.190036 6.705134
-2.399843 8.984231
-7.755383 7.172078
-5.818548 7.356065
-3.502976 6.942877
-7.130783 4.034210
-4.306748 6.249439
-7.349321 4.544704
-10.011338 3.986633
-8.265909 4.298196
-4.767163 7.536841
-3.940310 8.777248
3.043789 6.633307
7.284288 7.361353
7.383151 6.271942
2.526411 5.743564
5.834545 6.516551
5.243786 6.154347
5.954101 3.231427
2.597728 9.417786
3.837317 7.426355
8.033092 8.293607
8.891194 3.188248
2.546351 7.924325
7.624471 5.828636
5.619951 6.174980
5.380714 7.728282
3.759276 5.412194
6.115014 4.335045
5.438447 7.042999
7.841635 8.931740
7.946617 5.766050
5.436935 6.010379
8.106534 4.969793
4.876365 6.369626
7.780392 7.473818
6.270742 6.100925
7.231250 4.441843
3.834868 8.754790
7.840126 4.559595
5.065508 5.273680
3.431037 6.794376
6.383131 8.649817
6.803852 7.862525
6.652911 4.073132
1.827813 6.419257
8.838820 4.313532
8.193265 5.728884
6.994987 6.247674
6.284956 7.022382
4.481269 5.251205
6.558386 4.300977
4.873855 6.147718
3.093033 5.071991
7.782871 4.021035
5.797761 6.666070
6.408948 6.377192
8.723354 3.690470
8.017418 3.397856
6.147545 4.694187
7.544278 4.406857
6.271107 9.848337
7.809006 4.850808
2.415763 6.197365
2.985574 8.284721
6.104966 6.164478
7.218801 7.135143
5.669952 5.198219
3.809896 6.209841
8.752580 6.211881
7.730234 5.444955
4.915441 10.530687
7.519408 5.300579
4.271998 7.787586
7.570765 7.013201
2.941226 8.273428
4.625502 7.036851
5.136020 6.180594
4.597597 7.828226
5.817469 6.750097
6.487607 8.599929
4.748349 5.624473
6.609868 7.199781
7.922452 5.570567
3.968518 4.198754
4.881370 5.736354
5.994872 5.108162
7.648760 7.031968
8.861139 4.452067
5.892461 4.919847
5.323158 6.335803
6.176535 5.618040
8.132421 4.685935
6.911812 5.415249
5.188036 5.903627
4.445965 7.814400
3.028649 7.597816
3.897132 3.237360
2.202766 9.944920
6.898966 4.058745
5.349345 6.551265
4.373871 5.140903
7.586707 4.749558
6.250433 4.575276
5.933872 6.056877
4.177652 5.712641
3.539567 8.300832
6.589146 4.919101
6.501155 3.779524
7.291663 3.639030
3.837973 8.944113
2.953992 8.972900
9.135342 -5.820299
7.580485 -7.192279
6.424520 -8.413679
6.382569 -5.297024
6.375425 -5.881410
4.682164 -5.085114
8.099307 -4.250710
5.285888 -6.714976
9.042140 -5.184864
6.736739 -4.834332
7.660029 -3.325000
4.456793 -5.520863
4.989327 -4.821392
3.016102 -5.660782
5.649827 -5.494233
4.186202 -6.099735
8.186064 -6.326131
2.284170 -6.333976
4.814203 -5.900127
6.741211 -4.506130
3.458544 -6.679022
7.117435 -5.476388
3.900895 -6.502373
5.451851 -6.858176
3.237248 -5.841412
8.673737 -5.849874
4.897205 -4.905979
1.409964 -4.336529
4.665347 -7.432622
7.663637 -4.786060
4.221847 -5.385838
3.726610 -6.089627
6.066656 -7.237720
6.664411 -6.154897
4.588012 -4.475945
4.080791 -5.850374
4.463383 -6.030921
7.531475 -7.083957
5.036898 -5.980013
9.009880 -6.614678
4.730168 -7.082522
6.425549 -5.897223
3.077148 -3.903293
5.684260 -3.717855
3.635555 -4.778052
10.131971 -6.523521
4.934099 -6.425032
7.093339 -7.325451
2.158013 -5.732120
5.742150 -3.933643
2.441606 -5.425350
3.443132 -6.770102
6.211964 -6.850849
4.740535 -7.831705
5.597555 -4.504208
6.254549 -8.541552
6.054377 -5.332549
7.821979 -7.760287
8.104016 -7.041849
6.806161 -5.506536
4.904029 -8.274637
5.250287 -5.806407
7.882747 -5.849281
5.240313 -7.234377
3.827114 -5.564318
6.076674 -7.519595
6.225602 -6.616440
4.573792 -4.747133
6.690276 -5.618297
3.940543 -6.528324
6.908914 -6.433774
2.385654 -6.944425
5.976339 -6.451600
7.851335 -7.193039
6.136724 -5.778454
8.283410 -5.889879
6.958462 -7.802594
8.327795 -5.033136
7.795503 -5.960099
4.295953 -6.932960
7.213271 -3.848156
6.068522 -7.313112
8.466211 -7.374013
5.801433 -5.740271
7.191703 -5.183679
6.456471 -4.201156
8.378460 -6.277394
2.603492 -6.590784
4.200307 -5.692098
3.126212 -6.043717
3.682247 -5.084889
4.587472 -6.392941
5.207165 -5.894436
4.723464 -4.111942
8.549549 -4.634214
8.977618 -4.464873
5.345582 -5.864768
7.170776 -3.382814
3.426561 -7.887567
8.309419 -5.301970
-5.824326 -8.025893
-6.860884 -5.728636
-6.945416 -5.151057
-4.642313 -12.704430
-5.293627 -2.690244
-4.150145 -1.432737
-5.429713 -5.125494
-4.992898 -5.111742
-7.087586 -7.060987
-6.280172 -8.504850
-5.867590 -4.843250
-6.949171 -8.424916
-4.188307 -5.201104
-6.941302 -6.995310
-5.492463 -2.378827
-6.708052 -1.680366
-7.661234 -4.543400
-6.615355 -3.838184
-6.162596 -6.172661
-5.313889 -5.386731
-6.353579 -6.073222
-6.261236 -5.207290
-5.585022 -11.295869
-6.123761 -4.425985
-5.955852 -7.250277
-7.675165 -4.100396
-8.306542 -7.277281
-7.208613 -7.174425
-3.598365 -6.323166
-6.600033 -7.386230
-5.295125 -8.556520
-5.674455 -4.217515
-5.508190 -5.674984
-7.347881 -7.516903
-5.666220 -2.797817
-8.205769 -8.771630
-5.223380 -2.816530
-5.519963 -6.230740
-7.841870 -3.927377
-5.376331 -6.711583
-5.992323 -9.099104
-7.001010 -3.564849
-6.081619 -5.200404
-5.514739 -7.973259
-6.724361 -7.240880
-5.381268 -5.720200
-4.254416 -4.702865
-6.826591 -3.494963
-3.303133 -4.745106
-4.233714 -5.402570
-6.113288 -5.797733
-7.562898 -3.023163
-7.614864 -8.211896
-5.183104 -8.967291
-8.945425 -6.144400
-7.372236 -8.491066
-3.764774 -11.952285
-7.683159 -6.644484
-6.327155 -6.172921
-4.432096 -4.353087
-5.111588 -6.313348
-6.253923 -5.503759
-5.969679 -9.672876
-5.677786 -3.940808
-5.024069 -5.201254
-5.816576 -8.975182
-8.429186 -9.705740
-5.282848 -3.619968
-4.864003 -7.441166
-6.040531 -7.373271
-4.588739 -5.565238
-5.691466 -5.637100
-6.270083 -3.299562
-7.208795 -5.522654
-4.797749 -3.059442
-5.124387 -7.394617
-5.517024 -1.456750
-7.062872 -8.050511
-6.111757 -4.792270
-4.489727 -10.324873
-5.243178 -6.557526
-6.163328 -5.546413
-4.457756 -3.172840
-5.377353 -4.029288
-7.110768 -7.013418
-6.021620 -5.165054
-4.045901 -4.053993
-6.908585 -6.032593
-5.945033 -11.072141
-6.391893 -4.244621
-6.622228 -6.931164
-4.969597 -3.907686
-4.557803 -3.484483
-6.660562 -5.568894
-5.639580 -9.744938
-5.966442 -9.127474
-5.613604 -6.625563
-3.550242 -7.748753
-6.191123 -1.596800
-4.683861 -5.279232
-0.870703 -0.152942
1.124737 2.001657
-1.107021 1.573257
0.021391 -0.924475
1.126154 0.992243
-0.587247 0.594800
2.539263 1.727070
1.363557 2.523671
-2.022637 0.935701
-1.290567 -0.752507
-0.426916 -0.134761
3.076032 2.431224
-2.029408 -2.374089
0.022863 -1.936191
-1.155077 0.578669
-1.666023 2.414769
0.253595 -0.056493
-1.209857 2.868582
-0.821132 0.402516
-1.287130 -1.190263
2.069127 1.897295
0.139969 -0.728564
-0.609562 -0.784140
1.097774 -1.035867
-0.760937 -1.336635
-0.563265 -0.538075
0.136225 0.850784
0.858149 -2.240126
0.718369 1.140052
0.468421 2.490983
-1.324273 0.385411
1.109819 1.094268
-1.742776 -0.985744
1.079310 -0.896387
-0.079105 -0.648666
-0.663033 -1.906060
-1.392039 1.322510
-0.473684 -1.531718
2.043307 0.414525
-0.452659 1.058639
0.393976 0.773482
1.114646 -0.194911
-1.459108 0.560498
-1.510970 1.262938
-2.214936 -1.719966
-0.489666 -0.979911
-1.620198 0.200276
-0.072741 0.949444
-0.734131 -0.496914
1.235188 0.052529
-1.158545 2.275049
-0.441193 0.242024
0.604981 1.964214
2.688170 -1.430901
2.731917 0.960894
0.450363 0.410178
-0.213364 -0.264077
1.770980 3.982942
0.010732 1.846225
1.904309 1.768222
-0.438853 -1.275998
0.448506 -1.645669
-0.663837 0.093582
-0.583476 -1.432346
1.163516 -0.847480
0.918085 -1.520848
0.928895 0.118835
1.312776 3.480961
-0.267361 0.250337
0.873707 0.071256
1.494873 -0.181531
-3.109194 0.714330
-0.680114 0.398621
1.490297 1.850971
0.914300 0.428343
-1.235896 -1.233448
4.007898 2.229572
-2.574488 0.018587
-1.052339 -1.236876
-0.753175 1.138736
0.243366 -1.683603
-0.347166 0.667179
2.193370 -1.341162
1.761995 -1.897101
-1.138619 0.123605
-0.098214 -0.034073
0.357976 0.436848
-1.382759 -2.425317
-1.306440 2.217947
1.396171 0.645699
-0.501279 2.455915
0.999389 -0.115819
0.781979 1.420879
-0.070601 0.849448
-2.536610 1.001406
-1.446325 -0.422072
0.261599 0.479059
-2.243814 -0.673345
-0.489892 0.282347
0.310185 0.024044
-4.840798 5.117552
-2.458894 5.701029
-5.195775 6.207984
-6.059512 4.324269
-5.864124 8.061702
-5.862612 3.905275
-8.401542 6.751402
-4.566879 6.882557
-10.690458 3.963868
-5.930223 8.631377
-8.835472 2.525107
-1.046683 5.128663
-3.070018 6.265891
-5.645132 7.001085
-7.700482 5.002800
-6.508689 6.146581
-5.568405 5.630942
-7.615612 4.162013
-7.174587 6.702648
-6.305689 5.841667
-6.289057 7.080807
-10.606050 5.485308
-5.781631 7.901122
-7.064834 8.940676
-5.913687 6.036723
-7.374961 7.886399
-7.826264 6.393444
-4.889672 6.199693
-5.993513 6.189824
-8.764736 5.561491
-8.844429 6.811591
-7.209428 2.802124
-6.329316 7.584156
-4.924823 7.756102
-4.745432 6.579274
-7.413062 5.223064
-8.036262 3.771492
-2.847646 7.346830
-6.088140 6.106813
-7.611444 5.901974
-1.915475 9.110851
-6.643973 7.367286
-5.641984 5.370162
-6.589883 5.845243
-4.821840 7.034228
-6.498069 4.552498
-6.920002 6.121794
-6.456145 4.394543
-3.948931 5.022739
-6.556389 6.155686
-4.935770 6.642016
-6.648917 6.998107
-4.346834 7.716009
-4.273678 7.786713
-3.689400 5.946048
-5.041924 6.970618
-4.365832 7.113495
-5.170772 7.312472
-6.194645 4.724205
-5.284321 6.240777
-3.628628 6.111048
-5.005267 7.523227
-3.792014 3.852673
-7.521644 6.134595
-10.524327 5.506671
-8.621562 6.481537
-5.130006 8.436323
-4.827570 4.196307
-5.762496 5.325732
-9.524156 6.518332
-5.317222 4.529547
-6.305811 5.943033
-5.242257 4.999039
-6.943955 6.619823
-8.239104 5.996677
-6.505361 4.799182
-3.371207 7.837998
-2.933135 7.522777
-4.414440 7.719396
-8.554463 6.168550
-4.886503 7.861373
-7.328928 3.810844
-9.240968 4.209445
-5.721573 7.426404
-1.528611 8.713321
-8.299244 5.864562
-3.592762 5.434255
-5.477468 7.021435
-4.399827 8.016311
-8.933880 4.336528
-0.726235 3.068560
-9.041456 4.081439
-8.263078 3.065583
-7.940650 7.466516
-3.922630 3.993361
-6.433743 8.152359
-4.894597 6.402834
-4.495234 8.782632
-5.158309 5.859455
-5.440483 7.614409
5.467851 7.143192
4.666658 2.811830
5.458474 5.931940
6.329710 6.793166
5.984418 6.900887
4.366619 7.689029
5.910220 4.708251
7.476242 4.187562
5.931016 6.119463
6.028833 4.665310
5.725902 5.150890
3.840921 10.917394
4.293020 7.669333
7.322125 6.253992
6.982576 6.919256
6.365339 4.557933
7.352670 6.689490
4.778559 4.767112
6.141413 7.240156
4.705081 5.892887
3.597965 8.190277
5.884949 8.081100
5.372563 6.568365
5.995079 7.752702
5.572205 4.853356
7.429625 5.548144
4.493994 7.738391
3.468621 6.825210
10.030478 2.512296
6.578356 5.744193
6.061436 6.696309
7.511655 6.488142
5.681376 5.207330
4.823325 4.900049
4.798447 7.767190
5.281914 5.785087
3.749562 10.051823
5.005001 7.341569
6.184709 5.422808
7.616177 5.833118
6.153436 5.049934
5.375340 7.517646
6.106676 3.383455
6.485337 7.119992
6.615527 3.094623
7.414763 4.761887
5.696750 3.788181
4.678333 10.013311
7.250060 5.550708
6.856077 5.156577
5.350258 9.346140
9.636453 2.997326
7.341463 5.391788
7.943782 9.190289
5.571074 4.427434
7.137350 4.357754
6.038389 9.346391
5.883193 7.170267
6.631604 7.982420
2.377666 8.619884
4.400022 6.903109
6.606767 3.378899
4.849279 9.116631
5.852594 6.214938
5.891898 4.653923
6.056473 4.784214
8.153947 0.812974
6.158615 4.333785
5.227142 7.443736
4.733594 7.707097
6.884244 9.590862
8.711089 3.383406
6.026069 2.672940
5.666342 6.779228
7.742337 4.249972
4.079824 3.203589
6.398855 8.262636
4.826269 7.216107
8.667640 7.098301
6.667253 4.517971
7.324664 2.849501
6.497798 3.437566
3.510906 9.603717
4.548247 7.121997
4.841164 3.301556
5.853490 6.523036
2.727826 5.933097
3.880693 8.347186
5.698732 5.022646
3.778738 11.644196
8.389571 7.821603
4.966554 5.172007
5.324455 8.381972
6.223955 3.920863
3.197844 11.005298
7.052794 5.233477
6.663960 2.217933
6.461045 6.290381
5.020072 10.764075
6.260319 6.020469
9.548057 -4.604198
5.644163 -4.883978
3.098948 -6.665002
4.720450 -6.750450
5.280754 -7.634080
6.551214 -7.359955
5.214184 -7.010035
4.501319 -5.570802
6.266114 -6.498446
7.409320 -7.235339
5.393035 -6.108852
9.272581 -5.927981
7.573969 -7.551992
6.288452 -6.513595
5.882567 -5.951650
2.488989 -7.684890
6.320347 -6.405775
7.403174 -7.111169
2.373723 -7.207676
2.509304 -7.925014
4.042747 -6.572782
4.315140 -7.031588
6.516422 -6.873353
7.966836 -6.863299
4.332953 -6.297755
6.661669 -4.198669
3.623698 -4.445392
6.632038 -4.601775
4.331969 -5.868233
8.012795 -4.726077
8.336289 -7.456235
3.905801 -7.340446
5.107693 -6.597792
3.546698 -5.206492
9.089664 -8.258469
10.202383 -5.045911
7.141824 -6.112921
9.154576 -6.770368
6.674547 -6.408677
5.378621 -6.100811
7.940824 -5.856566
8.824760 -5.854681
6.929272 -5.711761
4.870755 -7.452032
5.007603 -5.834536
3.808942 -7.436501
5.463524 -5.297694
8.882811 -6.867157
9.085938 -6.601306
6.931061 -5.786762
7.807671 -5.269155
9.496475 -5.954077
3.631408 -5.863392
6.920892 -7.069690
8.341984 -5.894000
4.459392 -5.131948
7.186372 -5.673947
2.441743 -4.282559
4.343808 -5.217263
6.020738 -5.544446
4.645114 -6.352271
5.750285 -6.345377
7.587928 -5.356744
6.522902 -5.308846
4.022203 -7.161914
8.619865 -6.546073
5.127933 -8.012871
7.764619 -6.280154
1.662189 -6.143059
10.026628 -5.642745
4.271111 -6.859647
6.826832 -8.342748
6.013774 -4.923776
-0.169310 -6.178068
2.928102 -5.207115
3.703132 -5.760965
6.261562 -6.082366
8.175997 -5.351238
6.661463 -4.612848
6.190003 -6.355328
3.547505 -5.989276
4.917188 -7.217218
8.410620 -4.535066
9.045630 -7.096021
7.150803 -4.439109
5.460955 -6.562627
7.537813 -4.583646
8.767731 -4.095381
5.554947 -6.332526
5.462194 -7.179712
4.273224 -6.972264
4.992515 -6.028491
2.247103 -4.895400
7.088178 -5.966233
7.232132 -6.264319
11.447615 -5.477059
5.164972 -6.078691
4.121367 -6.081000
8.126838 -8.026175
9.988769 -6.716205
-6.861823 -7.105626
-4.875298 -7.147970
-7.851200 -7.834521
-7.073310 -8.166705
-8.133528 -7.626404
-4.638869 -7.012988
-7.248411 -5.118225
-6.254857 -4.675372
-5.581614 -6.475589
-5.753507 -7.719261
-5.244374 -8.164954
-7.577719 -4.926703
-7.650313 -5.185770
-7.909029 -8.407979
-5.671770 -6.644149
-5.422476 -7.381938
-5.838613 -7.428384
-6.131518 -1.119689
-5.226409 -9.884708
-4.595289 -8.133418
-5.666402 -4.753411
-5.793216 -5.435220
-7.851720 -7.733984
-5.285392 -8.623566
-5.796250 -4.387007
-7.375682 -3.300650
-5.405273 -4.955003
-7.020141 -7.217692
-6.255016 -8.334470
-5.981234 -5.724435
-6.293310 -9.766410
-6.512628 -8.391663
-6.893622 -7.038418
-7.350318 -5.305790
-6.403116 -8.529696
-5.879584 -7.091303
-6.448992 -9.052715
-6.982622 -7.438023
-4.945510 -6.840596
-6.768104 -2.104875
-7.056341 -5.266627
-6.127080 -5.963552
-4.466441 -4.975542
-5.718889 -9.140488
-7.260075 -4.627697
-5.567735 -6.157238
-7.186902 -7.227280
-5.612655 -3.334153
-6.022767 -6.250504
-6.382223 -6.239294
-6.778555 -7.475461
-5.836776 -6.944629
-5.773962 -7.649350
-5.237870 -4.111525
-5.123873 -3.723505
-7.990256 -7.204302
-6.331345 -4.441728
-5.501294 -8.151027
-5.534396 -7.753909
-6.111875 -4.093315
-5.986721 -7.373426
-5.762127 -5.051819
-6.935889 -8.088173
-7.457041 -3.577099
-6.634099 -2.687498
-5.185165 -4.638428
-6.194320 -6.505523
-5.642561 -3.798507
-7.709627 -7.367243
-5.161297 -6.118421
-6.917814 -1.361905
-5.739102 -4.213578
-5.910805 -8.423483
-7.535803 -4.545979
-4.950413 -8.817131
-5.822038 -7.052278
-6.567065 -6.087391
-5.310457 -7.382771
-4.205237 -9.487171
-6.936337 -8.976746
-5.974799 -5.782119
-6.340565 -6.824138
-6.336547 -8.526366
-7.052027 -6.486592
-6.209458 -11.604902
-6.316782 -2.625894
-6.517101 -5.563559
-6.928811 -3.298184
-7.825064 -8.790589
-5.477233 -8.977145
-6.087729 -4.941428
-5.978660 -7.217473
-5.765144 -5.768064
-4.838528 -5.323532
-8.208081 -7.577280
-6.263105 -11.176586
-3.958464 -2.225882
-5.481067 -8.241396
-8.650987 -5.691442
-6.533473 -4.107709
0.074993 -0.255751
-2.257932 -0.027290
0.917304 -0.657088
1.720595 0.546038
0.256589 -1.448343
-1.840144 0.747216
0.108254 -1.464890
0.029249 -1.093568
0.079787 -1.360430
-2.360239 0.304722
-1.043809 0.202050
-0.138382 -3.128899
-0.500065 -0.717300
0.399295 1.288925
-1.493522 0.473130
-0.486874 -3.314526
-1.058764 -0.470847
0.260354 0.859891
1.814592 0.500604
-1.666753 -1.244138
0.882318 1.594824
-0.207308 1.181498
-2.677008 0.889937
1.178765 -0.290246
-1.524188 -0.440454
2.020064 -0.846562
0.570230 -3.169862
-1.702714 1.241469
-0.774161 0.324810
-1.223051 0.642321
2.534022 -1.128885
-2.017971 -0.413357
-2.296662 0.265370
0.671148 2.701656
0.096553 -1.045226
0.425520 1.962303
-1.298594 0.484295
-0.130951 -1.742260
1.875613 -1.826198
-0.895972 1.062527
-2.278160 -0.651255
-5.612311 0.533427
0.797503 -0.010560
0.428669 1.114479
0.738576 -1.587485
0.406292 -1.767618
-1.996171 0.987056
2.857623 0.922046
0.898321 0.878254
-1.159090 -0.868549
0.700418 -1.737268
1.799986 1.902196
2.179484 -1.166459
-0.881549 -1.308742
0.736911 -0.442460
2.761816 0.530153
-1.276800 -0.627774
1.369304 1.323455
0.005835 0.462174
-3.095341 -0.119382
1.048872 -0.913390
-0.876713 0.325777
-0.314340 -0.715491
0.087378 -0.438748
-0.135378 1.366402
-1.683137 -0.880969
0.962188 -0.478301
-1.926461 0.779858
1.851972 -2.337645
-2.058281 0.623686
-1.140483 -1.999792
-0.627210 -1.481129
0.560035 -3.551299
1.144699 0.266869
-2.200896 -1.432971
-2.153940 -2.331916
1.717299 0.671906
0.590043 3.177149
-1.178184 1.215752
-1.392852 -1.145329
-0.056088 1.717057
1.307004 1.792724
-0.101306 -0.642983
-2.031809 0.056876
-0.166021 -0.208365
-0.691924 -0.416011
0.662901 -0.097211
0.387042 1.065520
-0.191353 -0.541690
-0.656757 -1.104094
0.139105 -0.373618
-0.072145 -0.055900
2.068279 -1.568179
2.745450 -1.144783
1.544181 -1.108584
-0.532394 -0.478236
-0.596780 -1.310213
0.645414 0.058871
0.679295 -1.391780
0.998671 1.712854